-10	0
-9.92157	1.59973e-306
-9.84314	-1.21359e-306
-9.76471	3.73397e-306
-9.68627	-4.96691e-306
-9.60784	1.03346e-305
-9.52941	-1.6575e-305
-9.45098	3.07488e-305
-9.37255	-5.24758e-305
-9.29412	9.38847e-305
-9.21569	-1.63508e-304
-9.13725	2.89148e-304
-9.05882	-5.06902e-304
-8.98039	8.93048e-304
-8.90196	-1.56893e-303
-8.82353	2.76075e-303
-8.7451	-4.8535e-303
-8.66667	8.53691e-303
-8.58824	-1.50106e-302
-8.5098	2.63939e-302
-8.43137	-4.63852e-302
-8.35294	8.14318e-302
-8.27451	-1.42582e-301
-8.19608	2.48299e-301
-8.11765	-4.27956e-301
-8.03922	7.24681e-301
-7.96078	-1.19365e-300
-7.88235	1.88917e-300
-7.80392	-2.83327e-300
-7.72549	3.96688e-300
-7.64706	-5.10497e-300
-7.56863	5.94101e-300
-7.4902	-6.14433e-300
-7.41176	5.53755e-300
-7.33333	-4.24822e-300
-7.2549	2.69203e-300
-7.17647	-1.35122e-300
-7.09804	5.03472e-301
-7.01961	-1.23848e-301
-6.94118	1.51106e-302
-6.86275	0
-6.78431	0
-6.70588	0
-6.62745	0
-6.54902	0
-6.47059	0
-6.39216	0
-6.31373	0
-6.23529	0
-6.15686	0
-6.07843	0
-6	0
-5.92157	0
-5.84314	0
-5.76471	0
-5.68627	0
-5.60784	0
-5.52941	0
-5.45098	0
-5.37255	0
-5.29412	0
-5.21569	0
-5.13725	0
-5.05882	0
-4.98039	0
-4.90196	0
-4.82353	0
-4.7451	0
-4.66667	0
-4.58824	0
-4.5098	0
-4.43137	0
-4.35294	0
-4.27451	0
-4.19608	0
-4.11765	0
-4.03922	0
-3.96078	0
-3.88235	0
-3.80392	0
-3.72549	0
-3.64706	0
-3.56863	0
-3.4902	0
-3.41176	0
-3.33333	0
-3.2549	0
-3.17647	0
-3.09804	0
-3.01961	0
-2.94118	0
-2.86275	0
-2.78431	0
-2.70588	0
-2.62745	0
-2.54902	0
-2.47059	0
-2.39216	0
-2.31373	0
-2.23529	0
-2.15686	0
-2.07843	0
-2	0
-1.92157	0
-1.84314	0
-1.76471	0
-1.68627	0
-1.60784	0
-1.52941	0
-1.45098	0
-1.37255	0
-1.29412	0
-1.21569	0
-1.13725	0
-1.05882	0
-0.980392	3.74376e-023
-0.901961	-6.90553e-021
-0.823529	6.20802e-019
-0.745098	-3.62427e-017
-0.666667	1.5447e-015
-0.588235	-5.12301e-014
-0.509804	1.37609e-012
-0.431373	-3.07664e-011
-0.352941	5.83958e-010
-0.27451	-9.54968e-009
-0.196078	1.36098e-007
-0.117647	-1.70557e-006
-0.0392157	1.89295e-005
0.0392157	-0.000187132
0.117647	0.00165538
0.196078	-0.0131517
0.27451	0.0941156
0.352941	-0.607998
0.431373	3.55149
0.509804	-18.7784
0.588235	89.9276
0.666667	-390.073
0.745098	1531.91
0.823529	-5441.93
0.901961	17460.8
0.980392	-50497.9
1.05882	131280
1.13725	-305721
1.21569	634965
1.29412	-1.16974e+006
1.37255	1.89826e+006
1.45098	-2.69024e+006
1.52941	3.29305e+006
1.60784	-3.43197e+006
1.68627	2.98737e+006
1.76471	-2.11475e+006
1.84314	1.17071e+006
1.92157	-476060
2	126704
2.07843	-16610.4
2.15686	0.998345
2.23529	1.01315
2.31373	0.905884
2.39216	1.608
2.47059	-2.55149
2.54902	19.7784
2.62745	-88.9276
2.70588	391.073
2.78431	-1530.91
2.86275	5442.93
2.94118	-17459.8
3.01961	50498.9
3.09804	-131279
3.17647	305722
3.2549	-634964
3.33333	1.16974e+006
3.41176	-1.89826e+006
3.4902	2.69024e+006
3.56863	-3.29305e+006
3.64706	3.43197e+006
3.72549	-2.98737e+006
3.80392	2.11475e+006
3.88235	-1.17071e+006
3.96078	476061
4.03922	-126703
4.11765	16611.4
4.19608	0
4.27451	0
4.35294	0
4.43137	0
4.5098	0
4.58824	0
4.66667	0
4.7451	0
4.82353	0
4.90196	0
4.98039	0
5.05882	0
5.13725	0
5.21569	0
5.29412	0
5.37255	0
5.45098	0
5.52941	0
5.60784	0
5.68627	0
5.76471	0
5.84314	0
5.92157	0
6	0
6.07843	0
6.15686	0
6.23529	0
6.31373	0
6.39216	0
6.47059	0
6.54902	0
6.62745	0
6.70588	0
6.78431	0
6.86275	0
6.94118	0
7.01961	0
7.09804	0
7.17647	0
7.2549	0
7.33333	0
7.41176	0
7.4902	0
7.56863	0
7.64706	0
7.72549	0
7.80392	0
7.88235	0
7.96078	0
8.03922	0
8.11765	0
8.19608	0
8.27451	0
8.35294	0
8.43137	0
8.5098	0
8.58824	0
8.66667	0
8.7451	0
8.82353	0
8.90196	0
8.98039	0
9.05882	0
9.13725	0
9.21569	0
9.29412	0
9.37255	0
9.45098	0
9.52941	0
9.60784	0
9.68627	0
9.76471	0
9.84314	0
9.92157	0
10	0
