-10	0
-9.92157	1.59973e-306
-9.84314	-1.21359e-306
-9.76471	3.73397e-306
-9.68627	-4.96691e-306
-9.60784	1.03346e-305
-9.52941	-1.6575e-305
-9.45098	3.07487e-305
-9.37255	-5.24748e-305
-9.29412	9.3875e-305
-9.21569	-1.63426e-304
-9.13725	2.88565e-304
-9.05882	-5.03343e-304
-8.98039	8.74389e-304
-8.90196	-1.4846e-303
-8.82353	2.43113e-303
-8.7451	-3.73549e-303
-8.66667	5.23238e-303
-8.58824	-6.44369e-303
-8.5098	6.70666e-303
-8.43137	-5.60963e-303
-8.35294	3.52006e-303
-8.27451	-1.47016e-303
-8.19608	3.09827e-304
-8.11765	0
-8.03922	0
-7.96078	0
-7.88235	0
-7.80392	0
-7.72549	0
-7.64706	0
-7.56863	0
-7.4902	0
-7.41176	0
-7.33333	0
-7.2549	0
-7.17647	0
-7.09804	0
-7.01961	0
-6.94118	0
-6.86275	0
-6.78431	0
-6.70588	0
-6.62745	0
-6.54902	0
-6.47059	0
-6.39216	0
-6.31373	0
-6.23529	0
-6.15686	0
-6.07843	0
-6	0
-5.92157	0
-5.84314	0
-5.76471	0
-5.68627	0
-5.60784	0
-5.52941	0
-5.45098	0
-5.37255	0
-5.29412	0
-5.21569	0
-5.13725	0
-5.05882	0
-4.98039	0
-4.90196	0
-4.82353	0
-4.7451	0
-4.66667	0
-4.58824	0
-4.5098	0
-4.43137	0
-4.35294	0
-4.27451	0
-4.19608	0
-4.11765	0
-4.03922	0
-3.96078	0
-3.88235	0
-3.80392	0
-3.72549	0
-3.64706	0
-3.56863	0
-3.4902	0
-3.41176	0
-3.33333	0
-3.2549	0
-3.17647	0
-3.09804	0
-3.01961	0
-2.94118	0
-2.86275	0
-2.78431	0
-2.70588	0
-2.62745	0
-2.54902	0
-2.47059	0
-2.39216	0
-2.31373	0
-2.23529	0
-2.15686	0
-2.07843	0
-2	0
-1.92157	0
-1.84314	0
-1.76471	0
-1.68627	0
-1.60784	0
-1.52941	0
-1.45098	0
-1.37255	0
-1.29412	0
-1.21569	0
-1.13725	0
-1.05882	0
-0.980392	3.49933e-014
-0.901961	-3.8588e-012
-0.823529	2.03751e-010
-0.745098	-6.855e-009
-0.666667	1.64961e-007
-0.588235	-3.02145e-006
-0.509804	4.37609e-005
-0.431373	-0.000513982
-0.352941	0.00498105
-0.27451	-0.0403113
-0.196078	0.274677
-0.117647	-1.58401
-0.0392157	7.75167
0.0392157	-32.2025
0.117647	113.345
0.196078	-336.528
0.27451	836.72
0.352941	-1723.09
0.431373	2892.33
0.509804	-3865.18
0.588235	3967.39
0.666667	-2949.69
0.745098	1423.51
0.823529	-339.6
0.901961	1
0.980392	1
1.05882	1
1.13725	1
1.21569	1
1.29412	1
1.37255	1
1.45098	1
1.52941	0.999956
1.60784	1.00051
1.68627	0.995019
1.76471	1.04031
1.84314	0.725323
1.92157	2.58401
2	-6.75167
2.07843	33.2025
2.15686	-112.345
2.23529	337.528
2.31373	-835.72
2.39216	1724.09
2.47059	-2891.33
2.54902	3866.18
2.62745	-3966.39
2.70588	2950.69
2.78431	-1422.51
2.86275	340.6
2.94118	0
3.01961	0
3.09804	0
3.17647	0
3.2549	0
3.33333	0
3.41176	0
3.4902	0
3.56863	0
3.64706	0
3.72549	0
3.80392	0
3.88235	0
3.96078	0
4.03922	0
4.11765	0
4.19608	0
4.27451	0
4.35294	0
4.43137	0
4.5098	0
4.58824	0
4.66667	0
4.7451	0
4.82353	0
4.90196	0
4.98039	0
5.05882	0
5.13725	0
5.21569	0
5.29412	0
5.37255	0
5.45098	0
5.52941	0
5.60784	0
5.68627	0
5.76471	0
5.84314	0
5.92157	0
6	0
6.07843	0
6.15686	0
6.23529	0
6.31373	0
6.39216	0
6.47059	0
6.54902	0
6.62745	0
6.70588	0
6.78431	0
6.86275	0
6.94118	0
7.01961	0
7.09804	0
7.17647	0
7.2549	0
7.33333	0
7.41176	0
7.4902	0
7.56863	0
7.64706	0
7.72549	0
7.80392	0
7.88235	0
7.96078	0
8.03922	0
8.11765	0
8.19608	0
8.27451	0
8.35294	0
8.43137	0
8.5098	0
8.58824	0
8.66667	0
8.7451	0
8.82353	0
8.90196	0
8.98039	0
9.05882	0
9.13725	0
9.21569	0
9.29412	0
9.37255	0
9.45098	0
9.52941	0
9.60784	0
9.68627	0
9.76471	0
9.84314	0
9.92157	0
10	0
