-10	0
-9.92157	1.59973e-306
-9.84314	-1.21359e-306
-9.76471	3.73397e-306
-9.68627	-4.96691e-306
-9.60784	1.03346e-305
-9.52941	-1.6575e-305
-9.45098	3.07488e-305
-9.37255	-5.24758e-305
-9.29412	9.38845e-305
-9.21569	-1.63505e-304
-9.13725	2.89127e-304
-9.05882	-5.06735e-304
-8.98039	8.91923e-304
-8.90196	-1.5623e-303
-8.82353	2.72651e-303
-8.7451	-4.69802e-303
-8.66667	7.91491e-303
-8.58824	-1.28134e-302
-8.5098	1.95227e-302
-8.43137	-2.72976e-302
-8.35294	3.40807e-302
-8.27451	-3.68388e-302
-8.19608	3.32672e-302
-8.11765	-2.39671e-302
-8.03922	1.28827e-302
-7.96078	-4.59151e-303
-7.88235	8.18765e-304
-7.80392	0
-7.72549	0
-7.64706	0
-7.56863	0
-7.4902	0
-7.41176	0
-7.33333	0
-7.2549	0
-7.17647	0
-7.09804	0
-7.01961	0
-6.94118	0
-6.86275	0
-6.78431	0
-6.70588	0
-6.62745	0
-6.54902	0
-6.47059	0
-6.39216	0
-6.31373	0
-6.23529	0
-6.15686	0
-6.07843	0
-6	0
-5.92157	0
-5.84314	0
-5.76471	0
-5.68627	0
-5.60784	0
-5.52941	0
-5.45098	0
-5.37255	0
-5.29412	0
-5.21569	0
-5.13725	0
-5.05882	0
-4.98039	0
-4.90196	0
-4.82353	0
-4.7451	0
-4.66667	0
-4.58824	0
-4.5098	0
-4.43137	0
-4.35294	0
-4.27451	0
-4.19608	0
-4.11765	0
-4.03922	0
-3.96078	0
-3.88235	0
-3.80392	0
-3.72549	0
-3.64706	0
-3.56863	0
-3.4902	0
-3.41176	0
-3.33333	0
-3.2549	0
-3.17647	0
-3.09804	0
-3.01961	0
-2.94118	0
-2.86275	0
-2.78431	0
-2.70588	0
-2.62745	0
-2.54902	0
-2.47059	0
-2.39216	0
-2.31373	0
-2.23529	0
-2.15686	0
-2.07843	0
-2	0
-1.92157	0
-1.84314	0
-1.76471	0
-1.68627	0
-1.60784	0
-1.52941	0
-1.45098	0
-1.37255	0
-1.29412	0
-1.21569	0
-1.13725	0
-1.05882	0
-0.980392	2.00131e-016
-0.901961	-2.57806e-014
-0.823529	1.60038e-012
-0.745098	-6.37415e-011
-0.666667	1.82969e-009
-0.588235	-4.03077e-008
-0.509804	7.08589e-007
-0.431373	-1.02039e-005
-0.352941	0.000122606
-0.27451	-0.00124574
-0.196078	0.0108081
-0.117647	-0.080642
-0.0392157	0.520019
0.0392157	-2.90753
0.117647	14.1189
0.196078	-59.5592
0.27451	217.99
0.352941	-690.352
0.431373	1883.28
0.509804	-4396.88
0.588235	8705.82
0.666667	-14436.6
0.745098	19703.3
0.823529	-21588.4
0.901961	18295.6
0.980392	-11291.1
1.05882	4536.74
1.13725	-899.088
1.21569	1
1.29412	1
1.37255	1
1.45098	1
1.52941	0.999999
1.60784	1.00001
1.68627	0.999877
1.76471	1.00125
1.84314	0.989192
1.92157	1.08064
2	0.479981
2.07843	3.90753
2.15686	-13.1189
2.23529	60.5592
2.31373	-216.99
2.39216	691.352
2.47059	-1882.28
2.54902	4397.88
2.62745	-8704.82
2.70588	14437.6
2.78431	-19702.3
2.86275	21589.4
2.94118	-18294.6
3.01961	11292.1
3.09804	-4535.74
3.17647	900.088
3.2549	0
3.33333	0
3.41176	0
3.4902	0
3.56863	0
3.64706	0
3.72549	0
3.80392	0
3.88235	0
3.96078	0
4.03922	0
4.11765	0
4.19608	0
4.27451	0
4.35294	0
4.43137	0
4.5098	0
4.58824	0
4.66667	0
4.7451	0
4.82353	0
4.90196	0
4.98039	0
5.05882	0
5.13725	0
5.21569	0
5.29412	0
5.37255	0
5.45098	0
5.52941	0
5.60784	0
5.68627	0
5.76471	0
5.84314	0
5.92157	0
6	0
6.07843	0
6.15686	0
6.23529	0
6.31373	0
6.39216	0
6.47059	0
6.54902	0
6.62745	0
6.70588	0
6.78431	0
6.86275	0
6.94118	0
7.01961	0
7.09804	0
7.17647	0
7.2549	0
7.33333	0
7.41176	0
7.4902	0
7.56863	0
7.64706	0
7.72549	0
7.80392	0
7.88235	0
7.96078	0
8.03922	0
8.11765	0
8.19608	0
8.27451	0
8.35294	0
8.43137	0
8.5098	0
8.58824	0
8.66667	0
8.7451	0
8.82353	0
8.90196	0
8.98039	0
9.05882	0
9.13725	0
9.21569	0
9.29412	0
9.37255	0
9.45098	0
9.52941	0
9.60784	0
9.68627	0
9.76471	0
9.84314	0
9.92157	0
10	0
