-10	0
-9.92157	1.59973e-306
-9.84314	-1.21359e-306
-9.76471	3.73397e-306
-9.68627	-4.96691e-306
-9.60784	1.03346e-305
-9.52941	-1.6575e-305
-9.45098	3.07488e-305
-9.37255	-5.24758e-305
-9.29412	9.38847e-305
-9.21569	-1.63508e-304
-9.13725	2.89147e-304
-9.05882	-5.06896e-304
-8.98039	8.93002e-304
-8.90196	-1.5686e-303
-8.82353	2.75859e-303
-8.7451	-4.84111e-303
-8.66667	8.47371e-303
-8.58824	-1.47231e-302
-8.5098	2.52254e-302
-8.43137	-4.2139e-302
-8.35294	6.76207e-302
-8.27451	-1.02333e-301
-8.19608	1.43065e-301
-8.11765	-1.80679e-301
-8.03922	2.01208e-301
-7.96078	-1.92271e-301
-7.88235	1.52552e-301
-7.80392	-9.61824e-302
-7.72549	4.51169e-302
-7.64706	-1.40005e-302
-7.56863	2.16372e-303
-7.4902	0
-7.41176	0
-7.33333	0
-7.2549	0
-7.17647	0
-7.09804	0
-7.01961	0
-6.94118	0
-6.86275	0
-6.78431	0
-6.70588	0
-6.62745	0
-6.54902	0
-6.47059	0
-6.39216	0
-6.31373	0
-6.23529	0
-6.15686	0
-6.07843	0
-6	0
-5.92157	0
-5.84314	0
-5.76471	0
-5.68627	0
-5.60784	0
-5.52941	0
-5.45098	0
-5.37255	0
-5.29412	0
-5.21569	0
-5.13725	0
-5.05882	0
-4.98039	0
-4.90196	0
-4.82353	0
-4.7451	0
-4.66667	0
-4.58824	0
-4.5098	0
-4.43137	0
-4.35294	0
-4.27451	0
-4.19608	0
-4.11765	0
-4.03922	0
-3.96078	0
-3.88235	0
-3.80392	0
-3.72549	0
-3.64706	0
-3.56863	0
-3.4902	0
-3.41176	0
-3.33333	0
-3.2549	0
-3.17647	0
-3.09804	0
-3.01961	0
-2.94118	0
-2.86275	0
-2.78431	0
-2.70588	0
-2.62745	0
-2.54902	0
-2.47059	0
-2.39216	0
-2.31373	0
-2.23529	0
-2.15686	0
-2.07843	0
-2	0
-1.92157	0
-1.84314	0
-1.76471	0
-1.68627	0
-1.60784	0
-1.52941	0
-1.45098	0
-1.37255	0
-1.29412	0
-1.21569	0
-1.13725	0
-1.05882	0
-0.980392	1.14458e-018
-0.901961	-1.68669e-016
-0.823529	1.20348e-014
-0.745098	-5.53762e-013
-0.666667	1.84647e-011
-0.588235	-4.75324e-010
-0.509804	9.82691e-009
-0.431373	-1.67586e-007
-0.352941	2.40288e-006
-0.27451	-2.93774e-005
-0.196078	0.000309516
-0.117647	-0.00283295
-0.0392157	0.0226639
0.0392157	-0.159202
0.117647	0.985134
0.196078	-5.38153
0.27451	25.9815
0.352941	-110.876
0.431373	417.89
0.509804	-1388.52
0.588235	4055.33
0.666667	-10367.3
0.745098	23067
0.823529	-44330.3
0.901961	72849.2
0.980392	-101003
1.05882	116008
1.13725	-107579
1.21569	77533.8
1.29412	-40845.3
1.37255	14039.5
1.45098	-2377.62
1.52941	1
1.60784	1
1.68627	0.999998
1.76471	1.00003
1.84314	0.99969
1.92157	1.00283
2	0.977336
2.07843	1.1592
2.15686	0.0148659
2.23529	6.38153
2.31373	-24.9815
2.39216	111.876
2.47059	-416.89
2.54902	1389.52
2.62745	-4054.33
2.70588	10368.3
2.78431	-23066
2.86275	44331.3
2.94118	-72848.2
3.01961	101004
3.09804	-116007
3.17647	107580
3.2549	-77532.8
3.33333	40846.3
3.41176	-14038.5
3.4902	2378.62
3.56863	0
3.64706	0
3.72549	0
3.80392	0
3.88235	0
3.96078	0
4.03922	0
4.11765	0
4.19608	0
4.27451	0
4.35294	0
4.43137	0
4.5098	0
4.58824	0
4.66667	0
4.7451	0
4.82353	0
4.90196	0
4.98039	0
5.05882	0
5.13725	0
5.21569	0
5.29412	0
5.37255	0
5.45098	0
5.52941	0
5.60784	0
5.68627	0
5.76471	0
5.84314	0
5.92157	0
6	0
6.07843	0
6.15686	0
6.23529	0
6.31373	0
6.39216	0
6.47059	0
6.54902	0
6.62745	0
6.70588	0
6.78431	0
6.86275	0
6.94118	0
7.01961	0
7.09804	0
7.17647	0
7.2549	0
7.33333	0
7.41176	0
7.4902	0
7.56863	0
7.64706	0
7.72549	0
7.80392	0
7.88235	0
7.96078	0
8.03922	0
8.11765	0
8.19608	0
8.27451	0
8.35294	0
8.43137	0
8.5098	0
8.58824	0
8.66667	0
8.7451	0
8.82353	0
8.90196	0
8.98039	0
9.05882	0
9.13725	0
9.21569	0
9.29412	0
9.37255	0
9.45098	0
9.52941	0
9.60784	0
9.68627	0
9.76471	0
9.84314	0
9.92157	0
10	0
