-10	0
-9.92157	1.59973e-306
-9.84314	-1.21359e-306
-9.76471	3.73397e-306
-9.68627	-4.96691e-306
-9.60784	1.03346e-305
-9.52941	-1.6575e-305
-9.45098	3.07488e-305
-9.37255	-5.24758e-305
-9.29412	9.38847e-305
-9.21569	-1.63508e-304
-9.13725	2.89148e-304
-9.05882	-5.06902e-304
-8.98039	8.93047e-304
-8.90196	-1.56892e-303
-8.82353	2.76066e-303
-8.7451	-4.85286e-303
-8.66667	8.53295e-303
-8.58824	-1.49886e-302
-8.5098	2.62837e-302
-8.43137	-4.58896e-302
-8.35294	7.94239e-302
-8.27451	-1.35261e-301
-8.19608	2.24287e-301
-8.11765	-3.57221e-301
-8.03922	5.37854e-301
-7.96078	-7.52324e-301
-7.88235	9.59691e-301
-7.80392	-1.09477e-300
-7.72549	1.09308e-300
-7.64706	-9.31727e-301
-7.56863	6.57209e-301
-7.4902	-3.67598e-301
-7.41176	1.52745e-301
-7.33333	-4.19317e-302
-7.2549	5.71796e-303
-7.17647	0
-7.09804	0
-7.01961	0
-6.94118	0
-6.86275	0
-6.78431	0
-6.70588	0
-6.62745	0
-6.54902	0
-6.47059	0
-6.39216	0
-6.31373	0
-6.23529	0
-6.15686	0
-6.07843	0
-6	0
-5.92157	0
-5.84314	0
-5.76471	0
-5.68627	0
-5.60784	0
-5.52941	0
-5.45098	0
-5.37255	0
-5.29412	0
-5.21569	0
-5.13725	0
-5.05882	0
-4.98039	0
-4.90196	0
-4.82353	0
-4.7451	0
-4.66667	0
-4.58824	0
-4.5098	0
-4.43137	0
-4.35294	0
-4.27451	0
-4.19608	0
-4.11765	0
-4.03922	0
-3.96078	0
-3.88235	0
-3.80392	0
-3.72549	0
-3.64706	0
-3.56863	0
-3.4902	0
-3.41176	0
-3.33333	0
-3.2549	0
-3.17647	0
-3.09804	0
-3.01961	0
-2.94118	0
-2.86275	0
-2.78431	0
-2.70588	0
-2.62745	0
-2.54902	0
-2.47059	0
-2.39216	0
-2.31373	0
-2.23529	0
-2.15686	0
-2.07843	0
-2	0
-1.92157	0
-1.84314	0
-1.76471	0
-1.68627	0
-1.60784	0
-1.52941	0
-1.45098	0
-1.37255	0
-1.29412	0
-1.21569	0
-1.13725	0
-1.05882	0
-0.980392	6.54601e-021
-0.901961	-1.08604e-018
-0.823529	8.75627e-017
-0.745098	-4.57053e-015
-0.666667	1.73601e-013
-0.588235	-5.11324e-012
-0.509804	1.21531e-010
-0.431373	-2.3949e-009
-0.352941	3.98983e-008
-0.27451	-5.70149e-007
-0.196078	7.06654e-006
-0.117647	-7.66215e-005
-0.0392157	0.000731728
0.0392157	-0.00618729
0.117647	0.0465141
0.196078	-0.311855
0.27451	1.8689
0.352941	-10.0261
0.431373	48.1875
0.509804	-207.507
0.588235	800.162
0.666667	-2759.4
0.745098	8492.92
0.823529	-23262.6
0.901961	56487.1
0.980392	-120992
1.05882	227140
1.13725	-370663
1.21569	520219
1.29412	-619217
1.37255	613446
1.45098	-492697
1.52941	308628
1.60784	-141703
1.68627	42523.2
1.76471	-6284.89
1.84314	0.999993
1.92157	1.00008
2	0.999268
2.07843	1.00619
2.15686	0.953486
2.23529	1.31186
2.31373	-0.868904
2.39216	11.0261
2.47059	-47.1875
2.54902	208.507
2.62745	-799.162
2.70588	2760.4
2.78431	-8491.92
2.86275	23263.6
2.94118	-56486.1
3.01961	120993
3.09804	-227139
3.17647	370664
3.2549	-520218
3.33333	619218
3.41176	-613445
3.4902	492698
3.56863	-308627
3.64706	141704
3.72549	-42522.2
3.80392	6285.89
3.88235	0
3.96078	0
4.03922	0
4.11765	0
4.19608	0
4.27451	0
4.35294	0
4.43137	0
4.5098	0
4.58824	0
4.66667	0
4.7451	0
4.82353	0
4.90196	0
4.98039	0
5.05882	0
5.13725	0
5.21569	0
5.29412	0
5.37255	0
5.45098	0
5.52941	0
5.60784	0
5.68627	0
5.76471	0
5.84314	0
5.92157	0
6	0
6.07843	0
6.15686	0
6.23529	0
6.31373	0
6.39216	0
6.47059	0
6.54902	0
6.62745	0
6.70588	0
6.78431	0
6.86275	0
6.94118	0
7.01961	0
7.09804	0
7.17647	0
7.2549	0
7.33333	0
7.41176	0
7.4902	0
7.56863	0
7.64706	0
7.72549	0
7.80392	0
7.88235	0
7.96078	0
8.03922	0
8.11765	0
8.19608	0
8.27451	0
8.35294	0
8.43137	0
8.5098	0
8.58824	0
8.66667	0
8.7451	0
8.82353	0
8.90196	0
8.98039	0
9.05882	0
9.13725	0
9.21569	0
9.29412	0
9.37255	0
9.45098	0
9.52941	0
9.60784	0
9.68627	0
9.76471	0
9.84314	0
9.92157	0
10	0
